600519
300750
600036
601318
601166
601012
000858
000333
300059
603259
600900
600887
002594
600030
601288
601899
601398
002415
601888
600276
000651
002475
601319
000568
002714
000725
601328
000001
300760
002142
600048
000002
600309
600000
601816
600438
600016
002812
603501
300274
300014
600031
300498
000792
002460
300122
600809
600111
603288
002129
601668
603799
300124
600837
601919
002241
002049
002466
600436
002709
601857
600690
002271
002352
600585
603986
601601
002230
300142
601688
688981
601088
002304
600919
600406
000063
300015
000338
601169
601211
601988
600104
002371
600089
601985
600893
000100
600383
002027
600196
601229
600745
600703
600019
600050
601658
600028
688599
601939
600570
601390
601225
600905
300347
601818
002821
601766
002459
600660
601009
600346